t # 0
v 0 2
v 1 2
v 2 2
v 3 3
v 4 2
v 5 4
v 6 2
v 7 3
v 8 3
v 9 3
v 10 2
v 11 2
v 12 2
v 13 2
v 14 2
v 15 2
v 16 2
v 17 2
v 18 2
e 0 1 2
e 0 2 2
e 2 3 3
e 2 4 2
e 3 5 2
e 4 6 2
e 5 7 2
e 5 8 2
e 5 9 2
e 6 10 2
e 6 9 3
e 7 11 3
e 8 12 3
e 10 13 2
e 11 14 2
e 11 15 2
e 12 16 2
e 12 15 2
e 14 17 2
e 16 18 2
t # 1
v 0 2
v 1 2
v 2 6
v 3 6
v 4 3
v 5 3
v 6 3
v 7 3
v 8 3
v 9 3
e 0 1 2
e 0 2 2
e 1 3 2
e 2 4 3
e 2 5 3
e 2 6 2
e 3 7 3
e 3 8 3
e 3 9 2
t # 2
v 0 6
v 1 6
v 2 2
v 3 2
v 4 2
v 5 2
v 6 2
v 7 2
v 8 2
v 9 2
v 10 2
v 11 2
v 12 2
v 13 2
v 14 3
v 15 3
v 16 2
v 17 3
v 18 3
v 19 2
e 0 1 2
e 0 2 2
e 1 3 2
e 2 4 5
e 2 5 5
e 3 6 5
e 3 7 5
e 4 8 2
e 4 9 5
e 5 10 5
e 6 11 2
e 6 12 5
e 7 13 5
e 8 14 3
e 8 15 2
e 9 16 5
e 10 16 5
e 11 17 3
e 11 18 2
e 12 19 5
e 13 19 5
t # -1